0,0.0033178,0.001391,0.0016505,0.00032762,0,0.00016881,1.1773e-06,0,0,0,2.5585e-07,0,0,0,0,0,0,2.5386e-07,0,0,6.2489e-06,6.8781e-06,1.8245e-05,1.3365e-06,0,3.2943e-06,2.4624e-06,1.5229e-07,5.387e-07,2.5891e-07,7.6621e-05,0,0.001373,2.6406e-05,0.0015553,0.0077343,8.0925e-07,0.00066794,5.5178e-07,0.0001803,0,0,0,0,0,0,6.3207e-07,1.7267e-07,0,0,0,0,0,0,0,0,0,0,0,0,0,0,0,0,0,0,0,0,0,0,0,0,0,0,0,0,1.6429e-07,0,0,0,0,1.9936e-07
0.0033178,0,6.2096e-05,1.204e-05,0.0013818,3.0174e-05,0.00080105,3.0386e-05,0,0,0,1.4927e-06,0,0,0,0,0,7.5581e-08,6.9835e-07,0,0,1.2241e-06,5.3296e-06,1.9429e-06,0,0,0,0,5.2857e-07,1.3796e-07,0,6.22e-06,0,0.00074527,0.003289,0.00036369,0.0099205,0.0001228,0,3.6892e-06,1.1653e-06,0,0,3.9333e-06,4.552e-07,0,0,7.581e-06,5.2784e-07,0,0,0,0,0,0,0,0,0,0,0,0,0,0,0,0,0,0,0,0,0,0,0,0,0,0,0,0,5.8639e-07,0,0,0,0,3.4887e-06
0.001391,6.2096e-05,0,0.0014292,1.5542e-05,0,9.1506e-05,3.6517e-05,0,0,0,9.4298e-05,0,5.117e-06,0,0,0,0,0,1.3102e-07,0,0,0,0,0,0,0,0,6.763e-07,1.694e-07,0,1.1655e-07,0,2.1252e-05,8.0611e-05,0.0027074,0.00065201,4.9631e-05,1.3937e-05,0,2.0337e-06,8.0058e-07,0,9.1824e-05,1.9789e-05,4.0264e-06,0,6.6907e-06,2.2893e-05,0,0,0,1.5978e-05,5.9339e-06,0,0,0,0,0,0,0,0,0,0,0,0,0,0,0,0,0,0,0,0,0,0,1.4192e-05,3.1434e-05,0,0,0,0,0
0.0016505,1.204e-05,0.0014292,0,2.9059e-07,0,4.5537e-05,9.9194e-05,0,0,0,0.00043627,0.00021901,2.8303e-05,0,0,0,0,0,6.4487e-06,0,0,0,5.6872e-08,0,0,0,0,0,1.0171e-07,0,0,0,2.1516e-05,0,0.0037462,0.00033285,0,0.0061359,0,4.9347e-07,2.3395e-06,0,9.2337e-06,0.0002127,0,0,1.5451e-05,4.3839e-06,0,0,0,2.9309e-05,0,0,0,0,0,0,0,0,0,0,0,0,0,0,0,0,0,0,0,0,0,0,0,6.8569e-06,4.6377e-06,0,3.4047e-06,0,0,0
0.00032762,0.0013818,1.5542e-05,2.9059e-07,0,0.004871,0.0019769,0.0041964,0.0002422,1.4457e-05,0,8.9655e-05,0.0088961,3.5739e-05,4.7606e-07,1.1581e-07,9.8492e-05,7.9007e-08,2.5099e-06,1.1184e-06,0,3.4591e-07,2.0984e-05,6.3896e-07,0,0,0,0,9.6748e-07,1.3533e-05,5.3545e-05,1.1416e-05,0,0.0010741,0.0030764,0.00065804,0.02537,4.9058e-05,0,2.4641e-07,4.1363e-07,0,0,8.63e-07,2.1658e-06,7.1937e-05,2.5646e-07,4.1676e-05,9.9002e-05,0,0,0,9.9151e-06,3.2129e-05,0,0,0,0,0,0,0,0,0,0,0,0,0,0,0,0,0,0,0,0,3.8456e-07,0,3.8411e-07,3.6157e-06,0,1.021e-06,0,0,9.8591e-06
0,3.0174e-05,0,0,0.004871,0,0.00067428,0.0055875,0.011397,0.0010667,0,0,0.0013342,2.2783e-05,0,3.3306e-05,0.0012923,6.188e-06,0.0011244,6.0961e-08,0,0,0,0,0,0,0,0,5.7276e-06,0.00087702,0.00040027,1.0924e-05,0,0.00092346,1.8131e-06,0.00033838,0.00016211,5.4423e-07,0,0,0,0,0,0,0,0,0,0,1.4464e-06,0,0,0,0,1.7873e-05,0,0,0,0,0,0,0,0,0,0,0,0,0,0,0,0,0,0,0,0,0,8.6876e-06,2.9798e-06,1.5267e-06,0,0,0,0,4.5955e-07
0.00016881,0.00080105,9.1506e-05,4.5537e-05,0.0019769,0.00067428,0,0.0047498,0.00099124,0.00020871,0,9.7371e-06,0.00014001,6.8159e-06,1.4071e-07,7.3137e-06,0.00014774,1.2875e-06,0.00011814,3.0743e-07,0,0,7.4541e-07,0,0,0,0,0,4.8408e-05,6.0373e-05,5.4435e-06,9.2278e-07,0,0.00017203,0.00095693,0.00051677,0.0026246,8.5375e-06,1.4874e-07,5.1442e-08,9.0808e-08,0,0,3.7711e-06,9.8871e-06,3.5442e-06,1.1148e-06,0.0002129,0.00034628,1.6228e-07,0,0,4.15e-06,1.6719e-06,0,0,0,0,0,0,0,0,0,0,0,0,0,0,0,0,0,0,0,0,1.6546e-07,1.5603e-06,4.6886e-06,4.8566e-05,0,5.8435e-07,0,0,1.4246e-05
1.1773e-06,3.0386e-05,3.6517e-05,9.9194e-05,0.0041964,0.0055875,0.0047498,0,0.0035812,0.00080471,0.00016902,0.00038354,0.00339,0.0008471,2.777e-05,7.9761e-06,0.00028939,2.0665e-06,5.4401e-05,0.00027799,0,0,2.0148e-08,0,2.3972e-08,0,0,0,5.3692e-07,3.1568e-05,1.9541e-05,8.6976e-07,0,0.00048,0.004528,0.0015211,0.011575,0.00049722,1.4315e-06,1.6765e-05,2.3453e-06,1.1327e-07,4.1021e-07,1.3161e-05,1.4617e-05,8.846e-06,1.1372e-05,0.00010066,0.0063028,4.9025e-06,2.1768e-05,3.8573e-05,3.082e-05,0.0002228,4.2449e-05,1.9394e-06,8.3007e-08,0,1.9701e-07,0,4.0571e-05,0,0,0,0,0,0,0,0,0,0,0,1.798e-08,0,1.2626e-06,0.00014265,5.1808e-05,0.00012059,5.9264e-06,1.9586e-06,0,0,0.0010389
0,0,0,0,0.0002422,0.011397,0.00099124,0.0035812,0,0.0046817,6.8324e-07,0,6.201e-05,4.2379e-07,0,0.00044228,0.00088295,9.0768e-05,0.0014431,8.5531e-08,0,0,8.7804e-08,0,0,0,0,0,0.00020436,8.3294e-05,0.00023608,4.1548e-06,3.7319e-07,6.6971e-05,9.6642e-05,0.0001214,0.00085616,5.776e-05,0,1.7442e-07,0,0,0,0,0,0,4.6545e-07,0,1.0839e-05,4.6772e-07,0,0,0,4.7492e-06,0,0,0,0,1.7431e-07,0,0,0,0,0,0,0,0,0,0,0,0,0,0,0,0,2.1402e-05,1.488e-06,1.7736e-06,0,0,0,0,1.08e-05
0,0,0,0,1.4457e-05,0.0010667,0.00020871,0.00080471,0.0046817,0,0.0025566,0,5.596e-07,0.00035697,0,0.0040535,0.00082951,0.00062483,0.0025466,9.9931e-06,0,0,3.6895e-07,4.6098e-08,2.948e-07,0,0,0,0.00011534,0.00017906,0.00018075,1.5912e-05,0,0.00018749,0.0071184,0.0015556,0.0082481,0.0098587,1.1806e-07,0.00015252,0.00024056,0,0,0,0,0,0,0,0.00028784,2.1932e-07,0.00014106,0.00062569,0,2.0221e-06,3.4239e-05,0,3.6139e-08,0,1.7879e-07,3.8048e-08,2.6619e-06,0,0,0,0,0,0,0,0,0,0,0,0,1.2276e-07,5.2217e-08,4.3194e-05,1.6008e-05,1.2683e-05,5.3485e-06,0,0,0,0.0046189
0,0,0,0,0,0,0,0.00016902,6.8324e-07,0.0025566,0,0,1.1181e-05,0.01744,2.1505e-06,0.0010873,4.0016e-07,0.00022267,7.4235e-08,0.00035261,0,0,0,0,0,0,0,0,1.959e-07,1.1308e-07,2.413e-06,4.6323e-07,0,1.1833e-06,0.02432,0.0033969,0.00079617,0.00033518,0,0.00024686,4.277e-07,0,0,0,0,0,0,0,0.00022332,0,0.00067594,0.0024932,0,0,0.0025734,6.4213e-06,6.7087e-06,0,4.7336e-05,0,0.00012061,0,0,0,0,0,0,0,0,0,0,0,0,0,0,0.00022854,0.00020225,6.8992e-06,7.6976e-05,0,0,0,0.0010469
2.5585e-07,1.4927e-06,9.4298e-05,0.00043627,8.9655e-05,0,9.7371e-06,0.00038354,0,0,0,0,0.0063819,0.00057247,9.6201e-05,0,0,1.4189e-07,0,0.00014983,0,0,0,0,0,0,0,0,0,0,0,0,0,0,1.1499e-06,0.00013401,0.00016932,1.874e-05,0.0028345,0,0,2.7781e-07,0,0,2.3557e-05,1.0968e-05,0,1.8087e-06,3.3198e-06,0,0,0,0.00018524,2.2824e-06,0,0,0,0,0,0,0,0,0,0,0,0,0,0,0,0,0,0,0,0,2.7712e-07,0,2.7857e-06,0.00015129,0,2.9628e-05,0,0,0
0,0,0,0.00021901,0.0088961,0.0013342,0.00014001,0.00339,6.201e-05,5.596e-07,1.1181e-05,0.0063819,0,0.0025423,0.00058431,0,1.7252e-06,7.498e-07,1.4509e-06,0.00067215,0,0,0,0,0,0,0,0,0,1.1998e-07,4.3054e-06,0,0,6.3172e-05,0.003901,2.557e-05,0.0055849,0.00025588,0.00075645,8.5385e-07,0,0,0,0,2.739e-06,4.6239e-06,8.2058e-06,2.2948e-06,0.00023406,1.566e-06,0,0,5.4005e-05,0.00059232,2.3575e-05,0,0,0,0,0,1.2418e-07,0,0,0,0,0,0,0,0,0,0,0,0,0,2.9943e-06,0.00011816,2.2698e-06,7.6982e-05,2.5891e-06,0,0,0,3.9519e-06
0,0,5.117e-06,2.8303e-05,3.5739e-05,2.2783e-05,6.8159e-06,0.0008471,4.2379e-07,0.00035697,0.01744,0.00057247,0.0025423,0,0.0020557,8.2896e-05,2.0874e-05,5.1975e-05,1.233e-06,0.0024454,0,0,0,0,0,0,0,0,0,1.1844e-07,3.1816e-06,1.0579e-07,0,3.4709e-06,0.013232,0.00031606,0.00057883,2.969e-05,6.0379e-05,1.2577e-05,0,0,0,0,0,0,0,3.1478e-07,4.0786e-05,2.7635e-07,2.9106e-05,0.000312,0,1.6804e-06,0.00042319,4.6032e-05,4.5207e-07,0,9.802e-06,1.0483e-07,2.2604e-05,0,0,0,0,0,0,0,0,0,0,0,0,0,1.4945e-07,9.5345e-05,2.9587e-06,6.5982e-06,1.5365e-06,0,0,0,0.00011015
0,0,0,0,4.7606e-07,0,1.4071e-07,2.777e-05,0,0,2.1505e-06,9.6201e-05,0.00058431,0.0020557,0,0,2.3783e-05,0.00019487,4.604e-05,0.0043294,0.00017129,3.765e-05,1.5694e-05,5.4574e-05,2.9608e-07,0.00072886,6.9853e-06,0,7.0615e-06,5.2573e-06,0.00010554,0.00015175,4.9431e-06,6.622e-05,0.0011027,3.7e-07,0.00060277,9.6076e-05,1.1536e-06,0.00046648,9.4797e-06,0,0,0,0,0,0,0,0,0,0,0,0,0,1.0245e-05,0.00083833,0,1.1011e-07,0.00015254,1.1665e-06,0.0001236,7.0803e-05,8.5706e-05,6.1907e-06,0,2.9732e-07,0,0,0,2.1759e-07,1.2669e-06,3.9219e-06,8.741e-07,1.1154e-05,1.8327e-05,0.00028453,7.6036e-07,0.00010859,1.976e-05,0,1.6493e-06,0,0.00010492
0,0,0,0,1.1581e-07,3.3306e-05,7.3137e-06,7.9761e-06,0.00044228,0.0040535,0.0010873,0,0,8.2896e-05,0,0,0.0030435,0.00055767,0.00050819,4.3797e-06,0,0,0,0,2.6263e-07,0,0,0,0.00013599,3.5557e-05,0.00019667,8.29e-06,5.3717e-07,0.00018434,0.0016222,0.00010939,0.0029266,0.0032629,0,6.2764e-05,1.7442e-07,0,0,0,0,0,0,0,0,0,7.5627e-06,0.00034385,0,0,7.3201e-06,0,1.543e-06,0,1.771e-05,0,3.5929e-05,0,0,0,0,0,0,0,0,0,0,0,0,0,0,0,2.5876e-07,0,0,0,0,0,0.00033201
0,0,0,0,9.8492e-05,0.0012923,0.00014774,0.00028939,0.00088295,0.00082951,4.0016e-07,0,1.7252e-06,2.0874e-05,2.3783e-05,0.0030435,0,0.00069878,0.0018972,5.4913e-05,0,0,0,0,0,0,0,0,5.8853e-06,0.0006394,0.00047168,0.00068619,2.3685e-05,0.00093021,2.3123e-06,5.6449e-05,0.00089128,7.5905e-05,0,7.9138e-07,0,0,0,0,0,0,0,0,2.6008e-08,0,0,0,0,7.3166e-07,0,3.0912e-06,0,0,4.0607e-08,0,4.7297e-07,0,0,0,0,0,0,0,0,0,0,0,0,0,0,8.1625e-07,9.8169e-07,6.8181e-08,2.0247e-06,0,0,0,6.8504e-06
0,7.5581e-08,0,0,7.9007e-08,6.188e-06,1.2875e-06,2.0665e-06,9.0768e-05,0.00062483,0.00022267,1.4189e-07,7.498e-07,5.1975e-05,0.00019487,0.00055767,0.00069878,0,0.0073791,0.0038195,0.00057404,0.0014964,0.0025324,0.00016237,0.00026275,1.5762e-05,0,8.1241e-08,0.00018968,0.00064034,0.00044445,0.001883,0.00013229,0.00018119,0.0020534,5.8326e-05,0.0042529,0.0024195,0,0.00020271,7.0519e-05,0,0,0,0,0,0,0,0,0,3.791e-08,2.2299e-05,0,0,2.4537e-06,4.1272e-05,4.6512e-06,2.9396e-08,0.00048133,1.3134e-06,0.00083759,3.0317e-05,0.00025869,2.9799e-05,2.3367e-06,1.0673e-06,0,0,0,2.9515e-07,7.8023e-08,3.5529e-07,2.2722e-07,0,1.1221e-06,2.8508e-05,2.811e-06,1.3244e-05,1.6358e-06,0,4.1849e-06,1.6056e-06,0.0011677
2.5386e-07,6.9835e-07,0,0,2.5099e-06,0.0011244,0.00011814,5.4401e-05,0.0014431,0.0025466,7.4235e-08,0,1.4509e-06,1.233e-06,4.604e-05,0.00050819,0.0018972,0.0073791,0,0.0020193,2.4583e-06,5.4657e-06,0.00047208,1.0935e-06,0.00033697,1.2049e-06,0,7.8097e-07,0.0013445,0.0011609,0.00040171,0.00053714,8.734e-06,0.00020973,5.9877e-05,1.1431e-06,0.00089714,0.00015106,0,8.2818e-05,2.659e-05,0,0,0,0,0,0,0,1.3864e-07,0,2.1679e-08,0,0,0,0,1.6884e-06,0,0,1.2835e-05,3.2514e-07,1.2996e-05,1.331e-06,1.8953e-06,1.3885e-06,0,2.4975e-07,0,0,0,0,1.9558e-08,0,3.1618e-07,0,1.0323e-07,4.6195e-07,0,2.8872e-07,6.2471e-08,0,3.2895e-08,0,2.2132e-05
0,0,1.3102e-07,6.4487e-06,1.1184e-06,6.0961e-08,3.0743e-07,0.00027799,8.5531e-08,9.9931e-06,0.00035261,0.00014983,0.00067215,0.0024454,0.0043294,4.3797e-06,5.4913e-05,0.0038195,0.0020193,0,0.00022513,0.00020596,0.0001143,0.00010095,1.6469e-05,2.4547e-05,7.4861e-07,0,3.0958e-05,0.00021433,0.00036987,0.00087592,2.6763e-05,0.00010029,0.002078,1.0612e-05,0.00083832,0.00018534,1.1273e-07,0.00010953,1.1789e-05,0,0,1.3941e-07,0,0,0,0,1.6569e-06,0,5.4739e-06,2.5124e-05,0,8.3912e-08,4.7581e-05,0.00013323,5.4122e-06,8.3918e-08,0.00058164,3.7176e-06,0.001055,6.3894e-06,4.9952e-05,7.5164e-06,1.1093e-06,1.9735e-06,2.3479e-07,0,0,6.4979e-07,2.3804e-07,1.5869e-06,1.8451e-06,8.3396e-07,1.8729e-06,0.00023241,1.5161e-06,0.00012808,1.3748e-05,0,2.3737e-06,2.6113e-06,0.0004267
0,0,0,0,0,0,0,0,0,0,0,0,0,0,0.00017129,0,0,0.00057404,2.4583e-06,0.00022513,0,0.0096782,0.00010533,0.00017604,3.9869e-07,0,0,5.3128e-07,1.944e-06,7.4044e-07,5.3823e-06,2.083e-06,0,4.6806e-06,2.4783e-05,0,0.00010584,3.592e-06,0,2.5125e-05,5.6755e-07,0,0,0,0,0,0,0,0,0,0,0,0,0,0,4.5894e-05,0,0,1.1684e-05,5.3906e-07,1.909e-05,0.0001277,4.044e-05,2.7068e-06,3.0942e-05,1.0248e-07,0,0,0,0,0,6.5466e-07,1.0943e-07,0,0,0,0,0,0,0,5.8373e-06,0,1.001e-06
6.2489e-06,1.2241e-06,0,0,3.4591e-07,0,0,0,0,0,0,0,0,0,3.765e-05,0,0,0.0014964,5.4657e-06,0.00020596,0.0096782,0,0.0013358,0.0032969,0.00013681,9.7201e-05,0,0,0.00061897,0.00025773,0.00045773,0.00019383,0,0.00063397,0.00023182,0,0.0019098,0.00014826,0,9.8639e-05,0.00060893,0,0,0,0,0,0,0,0,0,0,0,0,0,0,9.6256e-06,0,0,6.2647e-05,1.2142e-06,1.7069e-05,0.00011829,0.00039174,1.5261e-06,8.4693e-05,0,0,0,0,1.9569e-07,0,3.83e-07,4.193e-07,0,3.3036e-07,9.5388e-06,0,1.8402e-07,1.2792e-06,0,4.2853e-06,0,3.577e-06
6.8781e-06,5.3296e-06,0,0,2.0984e-05,0,7.4541e-07,2.0148e-08,8.7804e-08,3.6895e-07,0,0,0,0,1.5694e-05,0,0,0.0025324,0.00047208,0.0001143,0.00010533,0.0013358,0,0.00064381,0.0023779,3.115e-05,5.0529e-07,8.2227e-07,0.0021195,0.00054037,0.00010271,0.00022363,0,0.00031788,9.6111e-05,0,0.0011233,1.1107e-05,0,0.00012412,5.6176e-05,0,0,0,0,0,0,0,0,0,0,0,0,0,0,2.4995e-07,0,0,1.7267e-05,4.1837e-07,4.0619e-06,1.502e-05,4.6364e-06,3.3324e-06,1.9141e-06,3.0867e-08,0,0,0,0,0,0,4.0723e-08,0,0,0,0,0,0,0,0,0,3.4871e-05
1.8245e-05,1.9429e-06,0,5.6872e-08,6.3896e-07,0,0,0,0,4.6098e-08,0,0,0,0,5.4574e-05,0,0,0.00016237,1.0935e-06,0.00010095,0.00017604,0.0032969,0.00064381,0,0.0010197,0.00016577,1.3036e-07,4.9219e-06,0.0002655,5.7989e-05,0.00015703,5.2646e-05,0,8.0818e-05,6.3727e-05,0,0.00060667,4.0629e-05,0,0.00028398,0.00010532,0,0,0,0,0,0,0,0,0,0,0,0,0,0,2.4073e-07,0,0,4.6045e-06,9.1059e-08,1.4478e-05,1.7506e-05,1.2845e-05,4.8085e-07,0.00040712,1.0574e-06,2.6508e-07,0,0,3.1294e-07,0,0,9.0847e-08,1.8778e-07,7.5516e-07,2.0999e-06,0,0,3.897e-07,0,1.0451e-07,0,8.3439e-05
1.3365e-06,0,0,0,0,0,0,2.3972e-08,0,2.948e-07,0,0,0,0,2.9608e-07,2.6263e-07,0,0.00026275,0.00033697,1.6469e-05,3.9869e-07,0.00013681,0.0023779,0.0010197,0,0.00033835,0.00076652,0.00010593,0.0010006,5.6251e-05,3.2561e-06,8.0518e-05,7.4861e-07,1.9077e-05,3.0566e-06,0,0.00012916,1.1377e-05,0,0.00015541,6.8623e-05,0,0,0,0,0,0,0,0,0,0,0,0,0,0,1.4918e-07,0,0,5.1051e-07,2.8315e-07,1.4675e-06,0,1.2442e-06,1.3406e-07,3.9371e-06,1.5827e-05,0,0,0,8.9367e-08,0,0,0,0,0,0,0,0,0,0,0,0,2.1612e-05
0,0,0,0,0,0,0,0,0,0,0,0,0,0,0.00072886,0,0,1.5762e-05,1.2049e-06,2.4547e-05,0,9.7201e-05,3.115e-05,0.00016577,0.00033835,0,0.0015938,1.8474e-05,3.1936e-05,9.1673e-06,6.4972e-07,1.8905e-06,0,6.4882e-06,0,0,9.4626e-06,0,1.7645e-06,0.00066261,0.00010696,0,0,0,0,0,0,0,0,0,0,0,0,0,0,7.5418e-07,0,0,0,0,0,0,0,0,2.4583e-05,1.0644e-07,3.9151e-06,0,0,0,0,0,0,0,0,0,0,0,0,0,0,0,9.8065e-07
3.2943e-06,0,0,0,0,0,0,0,0,0,0,0,0,0,6.9853e-06,0,0,0,0,7.4861e-07,0,0,5.0529e-07,1.3036e-07,0.00076652,0.0015938,0,0.0041044,4.9673e-05,1.5559e-07,0,0,0,0,0,0,0,0,0,0.0014,0.0050114,0,0,0,0,0,0,0,0,0,0,0,0,0,0,0,0,0,0,0,0,0,0,0,0,0,0,0,0,0,0,0,0,0,0,0,0,0,0,0,0,0,0
2.4624e-06,0,0,0,0,0,0,0,0,0,0,0,0,0,0,0,0,8.1241e-08,7.8097e-07,0,5.3128e-07,0,8.2227e-07,4.9219e-06,0.00010593,1.8474e-05,0.0041044,0,0.00026228,6.1531e-05,0,0.00055729,0,0.00034236,5.773e-06,0,4.8947e-06,3.2923e-06,0,0.00016935,0.0053469,0,0,0,0,0,0,0,0,0,0,0,0,0,0,0,0,0,0,0,0,0,0,0,0,0,0,0,0,0,0,0,0,0,0,0,0,0,0,0,0,0,0
1.5229e-07,5.2857e-07,6.763e-07,0,9.6748e-07,5.7276e-06,4.8408e-05,5.3692e-07,0.00020436,0.00011534,1.959e-07,0,0,0,7.0615e-06,0.00013599,5.8853e-06,0.00018968,0.0013445,3.0958e-05,1.944e-06,0.00061897,0.0021195,0.0002655,0.0010006,3.1936e-05,4.9673e-05,0.00026228,0,0.0011716,0.00015844,0.0002265,1.5256e-06,4.8106e-05,9.1078e-06,0,0.00016436,1.9887e-05,5.7158e-07,0.0001518,0.00052593,0,0,0,0,0,0,0,2.4271e-08,0,0,0,0,0,0,5.6946e-07,0,0,2.9321e-06,2.086e-07,5.7653e-07,9.4104e-08,8.888e-07,8.9823e-07,2.5224e-07,1.8349e-07,0,0,0,3.9143e-07,4.831e-08,2.201e-07,1.2082e-06,8.0459e-07,6.4728e-08,1.4555e-06,0,1.1763e-06,0,0,0,0,2.1631e-06
5.387e-07,1.3796e-07,1.694e-07,1.0171e-07,1.3533e-05,0.00087702,6.0373e-05,3.1568e-05,8.3294e-05,0.00017906,1.1308e-07,0,1.1998e-07,1.1844e-07,5.2573e-06,3.5557e-05,0.0006394,0.00064034,0.0011609,0.00021433,7.4044e-07,0.00025773,0.00054037,5.7989e-05,5.6251e-05,9.1673e-06,1.5559e-07,6.1531e-05,0.0011716,0,0.0027717,0.00041104,1.6856e-06,0.00014042,1.5208e-05,1.0186e-07,0.00058755,8.3079e-05,0,3.0957e-05,0.00033553,0,0,0,0,0,6.8685e-08,0,0,0,0,0,0,0,0,3.6363e-07,0,0,1.1386e-06,4.927e-08,1.4687e-06,1.1255e-07,9.9054e-07,1.8264e-07,0,0,0,0,0,8.8199e-08,9.763e-08,1.3868e-07,6.5679e-07,7.8143e-07,3.6826e-08,1.2382e-06,0,5.2539e-07,0,0,7.8586e-07,1.3535e-07,6.3391e-06
2.5891e-07,0,0,0,5.3545e-05,0.00040027,5.4435e-06,1.9541e-05,0.00023608,0.00018075,2.413e-06,0,4.3054e-06,3.1816e-06,0.00010554,0.00019667,0.00047168,0.00044445,0.00040171,0.00036987,5.3823e-06,0.00045773,0.00010271,0.00015703,3.2561e-06,6.4972e-07,0,0,0.00015844,0.0027717,0,0.00091875,8.2445e-06,0.00037536,2.4408e-05,1.8504e-05,0.001587,2.4231e-05,0,1.6114e-05,4.0075e-06,0,0,0,0,0,0,0,4.5683e-08,0,0,0,0,0,0,3.7369e-06,0,0,2.4955e-06,5.1423e-07,3.3661e-06,1.1146e-06,1.0329e-06,1.5976e-07,2.0621e-07,9.673e-08,0,0,0,0,7.4324e-07,4.8544e-07,1.2792e-06,1.5276e-06,6.4791e-07,1.9894e-05,0,1.8399e-06,3.2111e-06,0,7.5438e-07,0,3.16e-06
7.6621e-05,6.22e-06,1.1655e-07,0,1.1416e-05,1.0924e-05,9.2278e-07,8.6976e-07,4.1548e-06,1.5912e-05,4.6323e-07,0,0,1.0579e-07,0.00015175,8.29e-06,0.00068619,0.001883,0.00053714,0.00087592,2.083e-06,0.00019383,0.00022363,5.2646e-05,8.0518e-05,1.8905e-06,0,0.00055729,0.0002265,0.00041104,0.00091875,0,0.0022244,0.00079902,9.2341e-06,0.00010367,0.00040138,6.4065e-06,0,6.5496e-05,0.00036102,0,0,0,0,0,0,0,0,0,0,0,0,0,0,1.1313e-06,0,0,2.7889e-06,2.3911e-07,2.5917e-05,6.5929e-07,3.1588e-05,4.355e-07,2.6938e-07,0,0,0,0,2.0842e-07,1.0216e-07,7.4656e-07,1.3148e-06,1.4089e-07,1.7594e-07,1.0722e-05,2.1762e-07,7.3083e-06,1.5511e-06,0,3.8244e-07,1.2522e-07,2.5341e-06
0,0,0,0,0,0,0,0,3.7319e-07,0,0,0,0,0,4.9431e-06,5.3717e-07,2.3685e-05,0.00013229,8.734e-06,2.6763e-05,0,0,0,0,7.4861e-07,0,0,0,1.5256e-06,1.6856e-06,8.2445e-06,0.0022244,0,0.00032636,1.6335e-05,6.2913e-06,7.305e-06,2.2034e-05,0,0,0,0,0,0,0,0,0,0,0,0,0,0,0,0,0,1.6396e-06,0,0,9.6449e-08,0,2.3551e-06,0,0,0,0,0,0,0,0,0,0,0,0,0,4.1866e-07,1.4846e-05,0,3.7212e-07,7.8914e-05,0,0,0,1.4842e-06
0.001373,0.00074527,2.1252e-05,2.1516e-05,0.0010741,0.00092346,0.00017203,0.00048,6.6971e-05,0.00018749,1.1833e-06,0,6.3172e-05,3.4709e-06,6.622e-05,0.00018434,0.00093021,0.00018119,0.00020973,0.00010029,4.6806e-06,0.00063397,0.00031788,8.0818e-05,1.9077e-05,6.4882e-06,0,0.00034236,4.8106e-05,0.00014042,0.00037536,0.00079902,0.00032636,0,4.3381e-06,1.8231e-05,0.0023541,3.1481e-06,2.9213e-06,6.0057e-05,0.00031687,0,0,0,0,1.8328e-07,0,8.2181e-07,3.365e-06,6.76e-08,0,1.9244e-07,0,5.1562e-06,0,1.2259e-06,0,0,2.2614e-06,2.0037e-06,1.4899e-06,2.1067e-07,9.3221e-06,1.959e-06,4.6938e-06,5.4612e-07,0,0,0,1.3894e-07,5.6055e-07,9.6975e-07,9.4566e-07,1.3798e-06,0,1.6952e-05,1.3941e-06,5.976e-06,7.9593e-07,0,7.4204e-07,0,1.7529e-06
2.6406e-05,0.003289,8.0611e-05,0,0.0030764,1.8131e-06,0.00095693,0.004528,9.6642e-05,0.0071184,0.02432,1.1499e-06,0.003901,0.013232,0.0011027,0.0016222,2.3123e-06,0.0020534,5.9877e-05,0.002078,2.4783e-05,0.00023182,9.6111e-05,6.3727e-05,3.0566e-06,0,0,5.773e-06,9.1078e-06,1.5208e-05,2.4408e-05,9.2341e-06,1.6335e-05,4.3381e-06,0,0.057596,0.0044316,0.087897,0.0015856,0.0059353,0.0010963,0,0,0,0,4.258e-05,1.4504e-05,1.408e-06,0.00031089,6.7071e-06,4.1393e-05,9.4001e-05,1.8981e-06,0.00010677,0.00016272,0.00013757,1.0595e-07,0,2.1792e-05,4.5828e-06,0.00016532,0,1.7343e-05,4.4773e-06,1.3512e-07,5.0334e-07,1.1712e-06,0,0,4.0189e-06,1.997e-06,4.3512e-06,6.1612e-06,6.5378e-05,5.4331e-05,0.045665,0.0019514,0.0017824,0.00015153,0.000107,1.1336e-05,4.1373e-06,0.097831
0.0015553,0.00036369,0.0027074,0.0037462,0.00065804,0.00033838,0.00051677,0.0015211,0.0001214,0.0015556,0.0033969,0.00013401,2.557e-05,0.00031606,3.7e-07,0.00010939,5.6449e-05,5.8326e-05,1.1431e-06,1.0612e-05,0,0,0,0,0,0,0,0,0,1.0186e-07,1.8504e-05,0.00010367,6.2913e-06,1.8231e-05,0.057596,0,0.0017201,0.0044838,0.00035867,1.3755e-06,5.8714e-06,0,6.3761e-07,0,7.2142e-06,3.2779e-06,3.8672e-07,3.1444e-06,2.0493e-05,2.4077e-07,6.2564e-06,1.8311e-05,9.8693e-06,1.0461e-05,3.8946e-06,0,1.2584e-07,0,3.2042e-06,0,1.7347e-06,0,0,0,0,0,0,0,0,0,0,0,0,0,2.2298e-07,0.00010623,1.5367e-05,3.5568e-05,8.8913e-06,9.0069e-06,0,0,6.6052e-05
0.0077343,0.0099205,0.00065201,0.00033285,0.02537,0.00016211,0.0026246,0.011575,0.00085616,0.0082481,0.00079617,0.00016932,0.0055849,0.00057883,0.00060277,0.0029266,0.00089128,0.0042529,0.00089714,0.00083832,0.00010584,0.0019098,0.0011233,0.00060667,0.00012916,9.4626e-06,0,4.8947e-06,0.00016436,0.00058755,0.001587,0.00040138,7.305e-06,0.0023541,0.0044316,0.0017201,0,0.066457,0.0021511,0.00026328,0.00052379,0,3.8493e-06,5.1357e-07,2.3532e-07,0.00021279,1.8752e-05,6.9846e-05,0.00040657,1.738e-06,8.2732e-06,8.7089e-07,1.9764e-06,0.00049587,7.6476e-07,2.9996e-05,0,0,3.3967e-05,4.4348e-06,6.805e-05,2.7176e-06,0.00013188,2.6263e-06,2.9668e-07,6.9796e-08,0,0,0,1.3905e-06,6.137e-07,3.7766e-05,8.7172e-06,6.6163e-06,1.1009e-05,0.00082582,3.9009e-05,0.00077843,1.2436e-05,2.7209e-05,2.8103e-06,1.059e-06,0.0017324
8.0925e-07,0.0001228,4.9631e-05,0,4.9058e-05,5.4423e-07,8.5375e-06,0.00049722,5.776e-05,0.0098587,0.00033518,1.874e-05,0.00025588,2.969e-05,9.6076e-05,0.0032629,7.5905e-05,0.0024195,0.00015106,0.00018534,3.592e-06,0.00014826,1.1107e-05,4.0629e-05,1.1377e-05,0,0,3.2923e-06,1.9887e-05,8.3079e-05,2.4231e-05,6.4065e-06,2.2034e-05,3.1481e-06,0.087897,0.0044838,0.066457,0,0.010888,0.0006023,0.0026148,0,0,0,0,1.0758e-05,9.1306e-07,0,1.9285e-05,1.9324e-07,1.02e-05,6.5527e-06,1.7108e-06,0,1.1478e-06,1.2529e-05,0,0,3.3927e-06,1.1581e-07,5.5745e-06,1.3573e-06,1.1954e-06,3.9144e-07,0,0,0,0,0,0,2.2447e-07,1.8093e-06,1.9284e-07,0,3.7106e-07,6.7711e-05,4.3614e-06,2.4672e-05,0.00061323,0.00012826,2.9802e-06,0,0.063295
0.00066794,0,1.3937e-05,0.0061359,0,0,1.4874e-07,1.4315e-06,0,1.1806e-07,0,0.0028345,0.00075645,6.0379e-05,1.1536e-06,0,0,0,0,1.1273e-07,0,0,0,0,0,1.7645e-06,0,0,5.7158e-07,0,0,0,0,2.9213e-06,0.0015856,0.00035867,0.0021511,0.010888,0,0,0.0012311,0,0,0,1.6354e-05,0,0,0,2.2536e-07,0,0,0,3.1603e-05,1.1653e-06,5.8815e-07,0,0,0,0,0,0,0,0,0,0,0,0,0,0,0,0,0,0,0,0,0,2.9016e-05,1.4509e-05,3.3531e-05,0.001859,0,0,0.00010527
5.5178e-07,3.6892e-06,0,0,2.4641e-07,0,5.1442e-08,1.6765e-05,1.7442e-07,0.00015252,0.00024686,0,8.5385e-07,1.2577e-05,0.00046648,6.2764e-05,7.9138e-07,0.00020271,8.2818e-05,0.00010953,2.5125e-05,9.8639e-05,0.00012412,0.00028398,0.00015541,0.00066261,0.0014,0.00016935,0.0001518,3.0957e-05,1.6114e-05,6.5496e-05,0,6.0057e-05,0.0059353,1.3755e-06,0.00026328,0.0006023,0,0,0.0013149,0,0,0,0,0,0,0,0,0,0,2.8197e-07,0,0,3.5765e-07,2.1616e-06,0,0,2.8096e-06,1.6452e-06,4.2896e-06,1.2298e-06,2.6034e-06,3.9487e-07,1.8196e-07,0,5.1357e-07,0,0,0,0,1.3913e-06,7.7434e-07,0,1.5764e-05,1.5316e-05,0,8.7303e-06,0,0,3.3064e-06,0,0.00046805
0.0001803,1.1653e-06,2.0337e-06,4.9347e-07,4.1363e-07,0,9.0808e-08,2.3453e-06,0,0.00024056,4.277e-07,0,0,0,9.4797e-06,1.7442e-07,0,7.0519e-05,2.659e-05,1.1789e-05,5.6755e-07,0.00060893,5.6176e-05,0.00010532,6.8623e-05,0.00010696,0.0050114,0.0053469,0.00052593,0.00033553,4.0075e-06,0.00036102,0,0.00031687,0.0010963,5.8714e-06,0.00052379,0.0026148,0.0012311,0.0013149,0,0,0,0,0,0,0,0,0,0,0,0,0,0,0,0,0,0,0,0,1.8089e-06,0,3.6941e-06,0,0,0,0,0,0,1.2948e-07,0,0,1.1921e-07,0,1.2618e-06,5.7978e-07,0,2.0733e-06,4.8571e-06,0,0,0,0.00029702
0,0,8.0058e-07,2.3395e-06,0,0,0,1.1327e-07,0,0,0,2.7781e-07,0,0,0,0,0,0,0,0,0,0,0,0,0,0,0,0,0,0,0,0,0,0,0,0,0,0,0,0,0,0,0.001032,0.00012247,0.0012777,0.00027245,2.2004e-07,0.00026426,2.7018e-07,3.1728e-07,0,0,2.0039e-05,2.6487e-06,0,0,0,0,5.2781e-08,3.0831e-06,0,0,1.1648e-05,2.3433e-06,2.0742e-05,2.1774e-07,0,0,6.6647e-06,1.897e-07,2.2588e-06,0,1.5767e-05,0,0.0010464,1.7718e-05,0.0022948,0.0080567,3.6852e-06,0.00020209,9.3554e-05,4.7832e-05,0
0,0,0,0,0,0,0,4.1021e-07,0,0,0,0,0,0,0,0,0,0,0,0,0,0,0,0,0,0,0,0,0,0,0,0,0,0,0,6.3761e-07,3.8493e-06,0,0,0,0,0.001032,0,6.4254e-05,5.3493e-05,0.0018882,0,0.00066555,8.7027e-05,0,0,0,3.2386e-06,1.3723e-06,0,0,0,0,0,0,0,0,0,0,0,0,0,0,1.4029e-06,0,1.8093e-06,0,1.3171e-06,0,9.5167e-05,0.0022595,0.0038088,0.0047688,5.9825e-05,0,4.3704e-07,3.8434e-06,1.1235e-05
0,3.9333e-06,9.1824e-05,9.2337e-06,8.63e-07,0,3.7711e-06,1.3161e-05,0,0,0,0,0,0,0,0,0,0,0,1.3941e-07,0,0,0,0,0,0,0,0,0,0,0,0,0,0,0,0,5.1357e-07,0,0,0,0,0.00012247,6.4254e-05,0,0.0019076,1.1594e-06,0,0.00018318,2.207e-05,0,0,0,8.1414e-06,3.2612e-05,0,0,0,0,0,0,0,0,0,0,0,0,0,0,0,0,0,0,0,0,4.0991e-07,5.1442e-06,0.00060111,0.00016782,7.2005e-05,5.8035e-06,0,0,0
0,4.552e-07,1.9789e-05,0.0002127,2.1658e-06,0,9.8871e-06,1.4617e-05,0,0,0,2.3557e-05,2.739e-06,0,0,0,0,0,0,0,0,0,0,0,0,0,0,0,0,0,0,0,0,0,0,7.2142e-06,2.3532e-07,0,1.6354e-05,0,0,0.0012777,5.3493e-05,0.0019076,0,6.5964e-06,0,7.8882e-05,0.00013689,1.0294e-07,0,0,0.00197,0.00026265,1.2778e-05,9.5197e-06,0,0,0,8.6956e-08,1.3174e-06,0,1.6012e-06,0,1.4625e-07,0,0,0,0,5.8696e-08,1.0725e-07,0,1.5825e-05,0,4.4691e-05,2.3526e-06,0.0049293,0.0014123,6.8552e-07,0.0020612,1.6696e-06,8.2219e-06,0
0,0,4.0264e-06,0,7.1937e-05,0,3.5442e-06,8.846e-06,0,0,0,1.0968e-05,4.6239e-06,0,0,0,0,0,0,0,0,0,0,0,0,0,0,0,0,0,0,0,0,1.8328e-07,4.258e-05,3.2779e-06,0.00021279,1.0758e-05,0,0,0,0.00027245,0.0018882,1.1594e-06,6.5964e-06,0,0.0011753,0.0020121,0.0012093,8.8941e-05,5.028e-07,0,0.00040212,0.00027924,3.9905e-07,0,6.0215e-07,0,0,3.5269e-07,0,0,4.1114e-07,7.2556e-08,0,0,0,0,0,0,1.452e-07,5.263e-06,0,0,0.00063577,0.0046694,0.0031731,0.011321,5.881e-06,0,0,2.6986e-06,2.0578e-05
0,0,0,0,2.5646e-07,0,1.1148e-06,1.1372e-05,4.6545e-07,0,0,0,8.2058e-06,0,0,0,0,0,0,0,0,0,0,0,0,0,0,0,0,6.8685e-08,0,0,0,0,1.4504e-05,3.8672e-07,1.8752e-05,9.1306e-07,0,0,0,2.2004e-07,0,0,0,0.0011753,0,0.0010718,0.0063758,0.0057388,0.0015114,0,0,0.00016974,3.4194e-06,7.6222e-06,6.904e-05,0.00046246,6.8347e-05,5.6396e-05,2.6661e-05,1.0983e-05,0,1.2366e-07,0,0,0,0,0,0.00072127,0.00068223,0.0063223,0.00026233,6.4386e-05,0.00064906,9.0374e-05,0.00011335,0.0025863,1.8054e-06,0,0,0,3.4701e-06
6.3207e-07,7.581e-06,6.6907e-06,1.5451e-05,4.1676e-05,0,0.0002129,0.00010066,0,0,0,1.8087e-06,2.2948e-06,3.1478e-07,0,0,0,0,0,0,0,0,0,0,0,0,0,0,0,0,0,0,0,8.2181e-07,1.408e-06,3.1444e-06,6.9846e-05,0,0,0,0,0.00026426,0.00066555,0.00018318,7.8882e-05,0.0020121,0.0010718,0,0.0022365,0.0021896,2.0848e-05,1.1045e-07,7.0272e-06,2.641e-05,1.9116e-06,3.4869e-07,5.0485e-07,8.1986e-06,1.2986e-07,1.2559e-05,8.0337e-08,5.9642e-08,0,2.9668e-06,0,1.1326e-06,0,0,0,2.3978e-06,7.0982e-06,3.3979e-05,8.186e-06,0,4.9558e-05,0.00067634,0.0010932,0.0019801,5.6169e-06,8.8665e-08,0,1.1593e-07,3.7777e-07
1.7267e-07,5.2784e-07,2.2893e-05,4.3839e-06,9.9002e-05,1.4464e-06,0.00034628,0.0063028,1.0839e-05,0.00028784,0.00022332,3.3198e-06,0.00023406,4.0786e-05,0,0,2.6008e-08,0,1.3864e-07,1.6569e-06,0,0,0,0,0,0,0,0,2.4271e-08,0,4.5683e-08,0,0,3.365e-06,0.00031089,2.0493e-05,0.00040657,1.9285e-05,2.2536e-07,0,0,2.7018e-07,8.7027e-05,2.207e-05,0.00013689,0.0012093,0.0063758,0.0022365,0,0.0016349,0.0010274,9.2257e-05,0.00015553,0.0019086,0.0012042,4.4139e-05,1.0056e-05,2.7949e-05,8.0681e-06,5.6038e-06,6.5953e-05,0,0,1.9519e-08,0,0,0,0,0,3.3789e-06,7.2604e-05,4.0172e-05,5.9899e-06,0,0.00031324,0.013624,0.00041869,0.014083,0.00045599,1.1811e-06,2.6403e-07,1.603e-07,0.00030768
0,0,0,0,0,0,1.6228e-07,4.9025e-06,4.6772e-07,2.1932e-07,0,0,1.566e-06,2.7635e-07,0,0,0,0,0,0,0,0,0,0,0,0,0,0,0,0,0,0,0,6.76e-08,6.7071e-06,2.4077e-07,1.738e-06,1.9324e-07,0,0,0,3.1728e-07,0,0,1.0294e-07,8.8941e-05,0.0057388,0.0021896,0.0016349,0,0.0081934,1.5842e-06,0,1.0605e-06,1.7786e-06,1.2929e-06,0.00071053,0.00033316,0.00025945,0.00069719,2.2303e-05,1.7894e-07,0,9.8889e-07,0,5.2161e-08,0,0,0,0.00073391,0.00032251,0.00068677,3.2513e-06,0,0.0001201,0.00055461,3.3805e-05,0.0037645,1.8816e-05,0,0,0,2.7751e-05
0,0,0,0,0,0,0,2.1768e-05,0,0.00014106,0.00067594,0,0,2.9106e-05,0,7.5627e-06,0,3.791e-08,2.1679e-08,5.4739e-06,0,0,0,0,0,0,0,0,0,0,0,0,0,0,4.1393e-05,6.2564e-06,8.2732e-06,1.02e-05,0,0,0,0,0,0,0,5.028e-07,0.0015114,2.0848e-05,0.0010274,0.0081934,0,0.0013327,0,1.0644e-07,0.00031902,6.7518e-08,0.003156,0.0051075,0.00031706,0.00090646,3.0511e-05,6.9194e-08,0,9.0207e-07,8.6e-07,0,1.1237e-07,0,0,0.00057686,0.00069774,0.0033816,0.00017981,2.1079e-06,0.00042097,0.0059664,0.00065152,0.0087441,0.0022972,1.0098e-06,7.6828e-05,1.5025e-06,0.0056467
0,0,0,0,0,0,0,3.8573e-05,0,0.00062569,0.0024932,0,0,0.000312,0,0.00034385,0,2.2299e-05,0,2.5124e-05,0,0,0,0,0,0,0,0,0,0,0,0,0,1.9244e-07,9.4001e-05,1.8311e-05,8.7089e-07,6.5527e-06,0,2.8197e-07,0,0,0,0,0,0,0,1.1045e-07,9.2257e-05,1.5842e-06,0.0013327,0,0,3.038e-05,0.021632,8.97e-07,0.0010282,2.0162e-06,9.0079e-05,1.3173e-07,0.00014044,0,0,0,0,0,0,0,0,0,0,6.1893e-07,7.8386e-08,6.0471e-05,7.4678e-06,0.033381,0.0068692,0.0013895,0.0013085,0,0,0,0.00014774
0,0,1.5978e-05,2.9309e-05,9.9151e-06,0,4.15e-06,3.082e-05,0,0,0,0.00018524,5.4005e-05,0,0,0,0,0,0,0,0,0,0,0,0,0,0,0,0,0,0,0,0,0,1.8981e-06,9.8693e-06,1.9764e-06,1.7108e-06,3.1603e-05,0,0,2.0039e-05,3.2386e-06,8.1414e-06,0.00197,0.00040212,0,7.0272e-06,0.00015553,0,0,0,0,0.0032061,0.0011637,0.00029002,0,0,1.2077e-07,0,4.1992e-05,0,0,0,0,0,0,0,0,0,0,0,0,0,1.8879e-06,0,0.00050655,0.00012513,0,0.0027258,0,0,0
0,0,5.9339e-06,0,3.2129e-05,1.7873e-05,1.6719e-06,0.0002228,4.7492e-06,2.0221e-06,0,2.2824e-06,0.00059232,1.6804e-06,0,0,7.3166e-07,0,0,8.3912e-08,0,0,0,0,0,0,0,0,0,0,0,0,0,5.1562e-06,0.00010677,1.0461e-05,0.00049587,0,1.1653e-06,0,0,2.6487e-06,1.3723e-06,3.2612e-05,0.00026265,0.00027924,0.00016974,2.641e-05,0.0019086,1.0605e-06,1.0644e-07,3.038e-05,0.0032061,0,0.0049943,0.0010641,0,0,1.7753e-07,1.2216e-07,0.00062716,0,0,0,0,0,0,0,0,0,0,0,0,0,3.2682e-05,0.001156,0.00016158,0.002278,3.1756e-05,0.00075478,0,0,2.1091e-05
0,0,0,0,0,0,0,4.2449e-05,0,3.4239e-05,0.0025734,0,2.3575e-05,0.00042319,1.0245e-05,7.3201e-06,0,2.4537e-06,0,4.7581e-05,0,0,0,0,0,0,0,0,0,0,0,0,0,0,0.00016272,3.8946e-06,7.6476e-07,1.1478e-06,5.8815e-07,3.5765e-07,0,0,0,0,1.2778e-05,3.9905e-07,3.4194e-06,1.9116e-06,0.0012042,1.7786e-06,0.00031902,0.021632,0.0011637,0.0049943,0,0.00091419,9.6319e-06,0,8.3565e-05,9.2105e-08,0.0026501,0,0,0,0,0,0,0,0,1.1362e-07,0,0,2.7173e-07,2.6199e-06,1.6984e-06,0.0091621,0.00016147,0.00014444,4.8549e-05,7.8696e-06,2.9423e-06,0,3.6284e-05
0,0,0,0,0,0,0,1.9394e-06,0,0,6.4213e-06,0,0,4.6032e-05,0.00083833,0,3.0912e-06,4.1272e-05,1.6884e-06,0.00013323,4.5894e-05,9.6256e-06,2.4995e-07,2.4073e-07,1.4918e-07,7.5418e-07,0,0,5.6946e-07,3.6363e-07,3.7369e-06,1.1313e-06,1.6396e-06,1.2259e-06,0.00013757,0,2.9996e-05,1.2529e-05,0,2.1616e-06,0,0,0,0,9.5197e-06,0,7.6222e-06,3.4869e-07,4.4139e-05,1.2929e-06,6.7518e-08,8.97e-07,0.00029002,0.0010641,0.00091419,0,0,7.2296e-07,0.0010431,2.3858e-05,0.0047427,0.00014093,0.00011314,1.0432e-05,5.2668e-05,3.6301e-07,0.00062486,5.4004e-06,0,2.6995e-05,3.4501e-05,0.00039782,0.00033143,0.00025737,0.00010387,0.0023552,4.7781e-06,0.00048297,0.00026797,4.9256e-05,9.3082e-05,2.8745e-06,9.0108e-05
0,0,0,0,0,0,0,8.3007e-08,0,3.6139e-08,6.7087e-06,0,0,4.5207e-07,0,1.543e-06,0,4.6512e-06,0,5.4122e-06,0,0,0,0,0,0,0,0,0,0,0,0,0,0,1.0595e-07,1.2584e-07,0,0,0,0,0,0,0,0,0,6.0215e-07,6.904e-05,5.0485e-07,1.0056e-05,0.00071053,0.003156,0.0010282,0,0,9.6319e-06,0,0,0.0056318,0.0011247,0.00017498,1.7158e-05,0,0,1.1609e-07,0,4.297e-08,0,0,0,0.00010243,0.00013294,0.0017739,5.8822e-05,2.2176e-06,0.00031824,0.0013908,0.00024815,0.0035494,0.00040738,0,8.1221e-06,0,0.00018158
0,0,0,0,0,0,0,0,0,0,0,0,0,0,1.1011e-07,0,0,2.9396e-08,0,8.3918e-08,0,0,0,0,0,0,0,0,0,0,0,0,0,0,0,0,0,0,0,0,0,0,0,0,0,0,0.00046246,8.1986e-06,2.7949e-05,0.00033316,0.0051075,2.0162e-06,0,0,0,7.2296e-07,0.0056318,0,0.00065302,0.00094432,7.0434e-06,1.2818e-07,0,3.7566e-08,0,0,0,0,0,8.6457e-05,0.0006055,0.003274,0.00029355,1.0147e-05,0.00037906,4.3648e-06,8.4803e-07,0.00010349,6.1403e-06,0,0,0,8.5297e-08
0,0,0,0,0,0,0,1.9701e-07,1.7431e-07,1.7879e-07,4.7336e-05,0,0,9.802e-06,0.00015254,1.771e-05,4.0607e-08,0.00048133,1.2835e-05,0.00058164,1.1684e-05,6.2647e-05,1.7267e-05,4.6045e-06,5.1051e-07,0,0,0,2.9321e-06,1.1386e-06,2.4955e-06,2.7889e-06,9.6449e-08,2.2614e-06,2.1792e-05,3.2042e-06,3.3967e-05,3.3927e-06,0,2.8096e-06,0,5.2781e-08,0,0,0,0,6.8347e-05,1.2986e-07,8.0681e-06,0.00025945,0.00031706,9.0079e-05,1.2077e-07,1.7753e-07,8.3565e-05,0.0010431,0.0011247,0.00065302,0,0.0078706,0.0037331,0.0007619,0.00030092,0.00074718,0.00024051,1.5055e-05,5.7492e-06,0,0,0.00027084,0.00019828,0.00034021,0.001092,0.00022693,0.0010779,0.0030121,2.0711e-05,0.0058591,0.0025498,0,0.00016638,7.8691e-06,0.00097345
0,0,0,0,0,0,0,0,0,3.8048e-08,0,0,0,1.0483e-07,1.1665e-06,0,0,1.3134e-06,3.2514e-07,3.7176e-06,5.3906e-07,1.2142e-06,4.1837e-07,9.1059e-08,2.8315e-07,0,0,0,2.086e-07,4.927e-08,5.1423e-07,2.3911e-07,0,2.0037e-06,4.5828e-06,0,4.4348e-06,1.1581e-07,0,1.6452e-06,0,3.0831e-06,0,0,8.6956e-08,3.5269e-07,5.6396e-05,1.2559e-05,5.6038e-06,0.00069719,0.00090646,1.3173e-07,0,1.2216e-07,9.2105e-08,2.3858e-05,0.00017498,0.00094432,0.0078706,0,0.0015764,3.366e-07,3.2623e-05,0.0004431,1.7967e-06,0.00045725,8.006e-06,0,0,0.00099585,0.002727,0.001938,0.0014274,0.00026672,0.00068761,0.00027129,6.719e-08,0.001552,0.00033998,0,2.9973e-06,1.3911e-05,1.0232e-05
0,0,0,0,0,0,0,4.0571e-05,0,2.6619e-06,0.00012061,0,1.2418e-07,2.2604e-05,0.0001236,3.5929e-05,4.7297e-07,0.00083759,1.2996e-05,0.001055,1.909e-05,1.7069e-05,4.0619e-06,1.4478e-05,1.4675e-06,0,0,0,5.7653e-07,1.4687e-06,3.3661e-06,2.5917e-05,2.3551e-06,1.4899e-06,0.00016532,1.7347e-06,6.805e-05,5.5745e-06,0,4.2896e-06,1.8089e-06,0,0,0,1.3174e-06,0,2.6661e-05,8.0337e-08,6.5953e-05,2.2303e-05,3.0511e-05,0.00014044,4.1992e-05,0.00062716,0.0026501,0.0047427,1.7158e-05,7.0434e-06,0.0037331,0.0015764,0,0.00033923,8.4617e-05,5.0204e-06,2.5549e-05,6.4802e-07,2.5903e-05,1.2732e-07,0,3.547e-05,0.00012241,0.00030736,0.00043014,0.00045718,0.00034793,0.0018235,0.0001955,0.0024506,0.0002227,1.6274e-07,0.0001446,7.7283e-07,0.0002274
0,0,0,0,0,0,0,0,0,0,0,0,0,0,7.0803e-05,0,0,3.0317e-05,1.331e-06,6.3894e-06,0.0001277,0.00011829,1.502e-05,1.7506e-05,0,0,0,0,9.4104e-08,1.1255e-07,1.1146e-06,6.5929e-07,0,2.1067e-07,0,0,2.7176e-06,1.3573e-06,0,1.2298e-06,0,0,0,0,0,0,1.0983e-05,5.9642e-08,0,1.7894e-07,6.9194e-08,0,0,0,0,0.00014093,0,1.2818e-07,0.0007619,3.366e-07,0.00033923,0,0.011156,0.00015109,0.00091705,5.2246e-07,1.5588e-06,0,0,7.1739e-07,5.0278e-06,8.2862e-06,1.2093e-05,9.6086e-07,2.9257e-05,9.49e-06,0,4.5712e-05,3.014e-05,0,0.00019459,6.75e-07,1.3862e-06
0,0,0,0,0,0,0,0,0,0,0,0,0,0,8.5706e-05,0,0,0.00025869,1.8953e-06,4.9952e-05,4.044e-05,0.00039174,4.6364e-06,1.2845e-05,1.2442e-06,0,0,0,8.888e-07,9.9054e-07,1.0329e-06,3.1588e-05,0,9.3221e-06,1.7343e-05,0,0.00013188,1.1954e-06,0,2.6034e-06,3.6941e-06,1.1648e-05,0,0,1.6012e-06,4.1114e-07,0,0,0,0,0,0,0,0,0,0.00011314,0,0,0.00030092,3.2623e-05,8.4617e-05,0.011156,0,0.0014903,0.0029816,0.00013448,3.2542e-05,1.3975e-06,5.5765e-07,0.00039216,0.00028591,0.00038771,0.00020337,4.6494e-06,0.00025929,0.00031639,2.3108e-06,0.00116,0.00012652,0,0.00022216,0.00011746,3.9767e-06
0,0,0,0,0,0,0,0,0,0,0,0,0,0,6.1907e-06,0,0,2.9799e-05,1.3885e-06,7.5164e-06,2.7068e-06,1.5261e-06,3.3324e-06,4.8085e-07,1.3406e-07,0,0,0,8.9823e-07,1.8264e-07,1.5976e-07,4.355e-07,0,1.959e-06,4.4773e-06,0,2.6263e-06,3.9144e-07,0,3.9487e-07,0,2.3433e-06,0,0,0,7.2556e-08,1.2366e-07,2.9668e-06,1.9519e-08,9.8889e-07,9.0207e-07,0,0,0,0,1.0432e-05,1.1609e-07,3.7566e-08,0.00074718,0.0004431,5.0204e-06,0.00015109,0.0014903,0,0.00039748,0.0015774,1.4239e-05,0,1.2666e-06,0.00093961,0.00024245,0.00013948,0.00080575,2.1345e-05,0.00052192,0.00019775,9.2105e-08,0.00087624,2.3157e-05,0,1.2984e-05,1.6374e-05,6.8146e-05
0,0,0,0,0,0,0,0,0,0,0,0,0,0,0,0,0,2.3367e-06,0,1.1093e-06,3.0942e-05,8.4693e-05,1.9141e-06,0.00040712,3.9371e-06,2.4583e-05,0,0,2.5224e-07,0,2.0621e-07,2.6938e-07,0,4.6938e-06,1.3512e-07,0,2.9668e-07,0,0,1.8196e-07,0,2.0742e-05,0,0,1.4625e-07,0,0,0,0,0,8.6e-07,0,0,0,0,5.2668e-05,0,0,0.00024051,1.7967e-06,2.5549e-05,0.00091705,0.0029816,0.00039748,0,0.00029039,0.00077655,2.0577e-07,7.0868e-06,0.00050663,0.00041061,9.0097e-05,0.0004661,2.1956e-07,0.00021163,0.00026776,1.6832e-06,0.00051421,4.2575e-05,0,8.0703e-05,0.00018934,6.2585e-05
0,0,0,0,0,0,0,0,0,0,0,0,0,0,2.9732e-07,0,0,1.0673e-06,2.4975e-07,1.9735e-06,1.0248e-07,0,3.0867e-08,1.0574e-06,1.5827e-05,1.0644e-07,0,0,1.8349e-07,0,9.673e-08,0,0,5.4612e-07,5.0334e-07,0,6.9796e-08,0,0,0,0,2.1774e-07,0,0,0,0,0,1.1326e-06,0,5.2161e-08,0,0,0,0,0,3.6301e-07,4.297e-08,0,1.5055e-05,0.00045725,6.4802e-07,5.2246e-07,0.00013448,0.0015774,0.00029039,0,0.00049236,0.00052481,0.00017762,0.0012021,9.3261e-05,4.6664e-06,0.00022025,2.8088e-06,4.0702e-05,2.4221e-05,0,3.425e-05,4.8403e-06,0,0.00037731,0.00017683,1.9309e-05
0,0,0,0,0,0,0,0,0,0,0,0,0,0,0,0,0,0,0,2.3479e-07,0,0,0,2.6508e-07,0,3.9151e-06,0,0,0,0,0,0,0,0,1.1712e-06,0,0,0,0,5.1357e-07,0,0,0,0,0,0,0,0,0,0,1.1237e-07,0,0,0,0,0.00062486,0,0,5.7492e-06,8.006e-06,2.5903e-05,1.5588e-06,3.2542e-05,1.4239e-05,0.00077655,0.00049236,0,0.0014792,0.00015857,9.5449e-05,0,1.9586e-06,7.6767e-06,0,4.8677e-07,1.3808e-05,0,4.5272e-06,0,0,0.0011542,1.1334e-05,1.5914e-06
0,0,0,0,0,0,0,0,0,0,0,0,0,0,0,0,0,0,0,0,0,0,0,0,0,0,0,0,0,0,0,0,0,0,0,0,0,0,0,0,0,0,0,0,0,0,0,0,0,0,0,0,0,0,0,5.4004e-06,0,0,0,0,1.2732e-07,0,1.3975e-06,0,2.0577e-07,0.00052481,0.0014792,0,0.0045981,2.2239e-05,1.0089e-06,0,8.7086e-07,0,0,0,0,0,0,0,0.0032191,0.0059466,3.0139e-07
0,0,0,0,0,0,0,0,0,0,0,0,0,0,0,0,0,0,0,0,0,0,0,0,0,0,0,0,0,0,0,0,0,0,0,0,0,0,0,0,0,6.6647e-06,1.4029e-06,0,0,0,0,0,0,0,0,0,0,0,0,0,0,0,0,0,0,0,5.5765e-07,1.2666e-06,7.0868e-06,0.00017762,0.00015857,0.0045981,0,0.00019934,0.00028171,0,0.00078879,0,8.4875e-05,5.0445e-06,0,1.4642e-05,0,0,0.00080461,0.0099661,0
0,0,0,0,0,0,0,0,0,0,0,0,0,0,2.1759e-07,0,0,2.9515e-07,0,6.4979e-07,0,1.9569e-07,0,3.1294e-07,8.9367e-08,0,0,0,3.9143e-07,8.8199e-08,0,2.0842e-07,0,1.3894e-07,4.0189e-06,0,1.3905e-06,0,0,0,1.2948e-07,1.897e-07,0,0,5.8696e-08,0,0.00072127,2.3978e-06,3.3789e-06,0.00073391,0.00057686,0,0,0,1.1362e-07,2.6995e-05,0.00010243,8.6457e-05,0.00027084,0.00099585,3.547e-05,7.1739e-07,0.00039216,0.00093961,0.00050663,0.0012021,9.5449e-05,2.2239e-05,0.00019934,0,0.0051693,0.00017338,0.00013207,5.9168e-06,4.4904e-05,8.9155e-06,1.7811e-06,0.00021068,3.7124e-06,1.382e-07,8.5343e-05,0.00011404,1.3577e-06
0,0,0,0,0,0,0,0,0,0,0,0,0,0,1.2669e-06,0,0,7.8023e-08,1.9558e-08,2.3804e-07,0,0,0,0,0,0,0,0,4.831e-08,9.763e-08,7.4324e-07,1.0216e-07,0,5.6055e-07,1.997e-06,0,6.137e-07,2.2447e-07,0,0,0,2.2588e-06,1.8093e-06,0,1.0725e-07,1.452e-07,0.00068223,7.0982e-06,7.2604e-05,0.00032251,0.00069774,0,0,0,0,3.4501e-05,0.00013294,0.0006055,0.00019828,0.002727,0.00012241,5.0278e-06,0.00028591,0.00024245,0.00041061,9.3261e-05,0,1.0089e-06,0.00028171,0.0051693,0,0.0038907,0.00052387,3.0965e-06,0.00011078,1.0683e-05,0,0.00017213,8.4044e-07,0,5.7729e-06,5.7472e-05,1.6528e-06
0,0,0,0,0,0,0,0,0,0,0,0,0,0,3.9219e-06,0,0,3.5529e-07,0,1.5869e-06,6.5466e-07,3.83e-07,0,0,0,0,0,0,2.201e-07,1.3868e-07,4.8544e-07,7.4656e-07,0,9.6975e-07,4.3512e-06,0,3.7766e-05,1.8093e-06,0,1.3913e-06,0,0,0,0,0,5.263e-06,0.0063223,3.3979e-05,4.0172e-05,0.00068677,0.0033816,6.1893e-07,0,0,0,0.00039782,0.0017739,0.003274,0.00034021,0.001938,0.00030736,8.2862e-06,0.00038771,0.00013948,9.0097e-05,4.6664e-06,1.9586e-06,0,0,0.00017338,0.0038907,0,0.001294,2.6902e-05,0.00050561,1.1923e-06,0,0.0012504,0,0,1.6495e-06,3.6892e-06,2.1274e-06
0,0,0,0,0,0,0,1.798e-08,0,0,0,0,0,0,8.741e-07,0,0,2.2722e-07,3.1618e-07,1.8451e-06,1.0943e-07,4.193e-07,4.0723e-08,9.0847e-08,0,0,0,0,1.2082e-06,6.5679e-07,1.2792e-06,1.3148e-06,0,9.4566e-07,6.1612e-06,0,8.7172e-06,1.9284e-07,0,7.7434e-07,1.1921e-07,1.5767e-05,1.3171e-06,0,1.5825e-05,0,0.00026233,8.186e-06,5.9899e-06,3.2513e-06,0.00017981,7.8386e-08,0,0,2.7173e-07,0.00033143,5.8822e-05,0.00029355,0.001092,0.0014274,0.00043014,1.2093e-05,0.00020337,0.00080575,0.0004661,0.00022025,7.6767e-06,8.7086e-07,0.00078879,0.00013207,0.00052387,0.001294,0,0.0017367,0.0013897,8.5418e-06,1.5453e-06,0.00019491,9.0762e-07,4.2186e-07,1.7364e-05,0.00032347,2.8693e-06
0,0,0,0,0,0,0,0,0,1.2276e-07,0,0,0,0,1.1154e-05,0,0,0,0,8.3396e-07,0,0,0,1.8778e-07,0,0,0,0,8.0459e-07,7.8143e-07,1.5276e-06,1.4089e-07,0,1.3798e-06,6.5378e-05,0,6.6163e-06,0,0,0,0,0,0,0,0,0,6.4386e-05,0,0,0,2.1079e-06,6.0471e-05,0,0,2.6199e-06,0.00025737,2.2176e-06,1.0147e-05,0.00022693,0.00026672,0.00045718,9.6086e-07,4.6494e-06,2.1345e-05,2.1956e-07,2.8088e-06,0,0,0,5.9168e-06,3.0965e-06,2.6902e-05,0.0017367,0,0.00071558,1.623e-05,4.8386e-07,2.2466e-05,3.1566e-06,0,1.5433e-06,0,1.0593e-06
